|17/12/2019 20:12:17|: INFO : [DATA STARTU |17/12/2019 20:12:17|]
|17/12/2019 20:12:17|: INFO : [DATA ZAKONCZENA |18/12/2019 01:35:00|]
|17/12/2019 20:12:17|: INFO : [MUTATIONPROBABILITY : |0.47|]
|17/12/2019 20:12:17|: INFO : [MUTATIONRETRIALS : |80|]
|17/12/2019 20:12:17|: INFO : [Nr Problemu 0 Rozmiar tablicy : 500 ]
|17/12/2019 20:12:22|: INFO : [Początkowy najlepszy osobnik Zarobil :6085.5376 oraz na testowych danych : 0]
|17/12/2019 20:12:32|: INFO : [Populacja 0 Nowy osobnik Zarobil :7330.3216 oraz na testowych danych : 0]
|17/12/2019 20:16:28|: INFO : [Populacja 7 Nowy osobnik Zarobil :16322.6718 oraz na testowych danych : 0]
|18/12/2019 01:57:35|: INFO : [Koniec ewolucji z powodu limitu czasu : 18/12/2019 01:35:00]
|18/12/2019 01:57:35|: INFO : [Czas pracy w minutach : 322.709710293333]
|18/12/2019 01:57:35|: INFO : [Najlepszy osobnik z populacji 7 Zarobil :16322.6718 oraz na testowych danych : 0]
|18/12/2019 01:57:35|: INFO : [Fenotyp : [Volume, 5.29807692307692],[Opening, -0.0280898876404494],[Min, -3.6],[Max, 0.746203904555314],[Closing, -1.03881278538813],[MACDEMA1, 26],[MACDEMA2, 12],[MACDEMASignal, 9],[RSI, 880],[BollingerPeriods, 20],[BollingerDeviation, -0.97275204359673]]
|18/12/2019 01:57:35|: INFO : [Genotyp : 924,-749,-137,-165,596,683,-988,726,-286,74,222,551,104,20,-712,288,-80,344,461,-910,876,714,-734,-676,322,-117,0,843,238,-874,26,12,9,880,20,167,-450,241,296,-364,-733,-295,634,906,45,-393,-192,156,-6,106,723,631,747,871,-913,-477,360,89,512,-967,236,372,-512,-413,-67,-709,-258,-558,625,342,-263,-948,-953,-176,822,171,765,724,278,774,-185,826,645,445,-597,-706,633,378,-426,-129,-675,427,728,-417,-402,-105,35,-506,-527,397,149,-287,151,-974,55,436,536,-78,-748,-84,-243,-104,260,723,-555,503,548,650,256,138,-772,848,-237,-246,16,-274,877,-103,424,-73,-46,-281,250,-813,-946,708,-355,994,-611,-268,-290,699,374,-469,-683,-562,-249,886,945,834,168,-215,-138,-57,-906,604,-502,467,-366,-397,347,-881,-8,121,962,-962,-754,-266,-350,-71,940,-67,-347,451,-572,948,-829,953,-359,587,-126,40,-112,983,-304,-525,856,916,804,-550,209,458,751,-939,-560,-525,324,-114,-187,-926,783,-984,166,15,-213,435,195,411,-94,-932,-956,-712,754,46,-646,-556,-400,-702,888,-557,-818,678,-696,179,899,-77,-627,-513,-934,836,-264,918,-258,-433,804,957,735,-398,-198,-676,-903,-555,-414,453,-835,322,-632,-688,706,936,-950,304,-182,-10,892,-946,712,363,295,864,61,925,345,69,-251,514,773,187,242,-604,-291,-903,-867,37,-876,736,617,-980,-215,-202,-445,-939,-114,769,846,-40,-783,-1,-325,-98,-755,-628,-555,-718,153,-710,99,-893,-134,502,418,181,69,-280,-714,893,-801,478,-403,-758,-931,-510,71,-504,-376,0,-523,56,69,-828,-161,365,-489,-983,-841,900,-111,157,775,580,-363,-13,148,-292,651,373,895,839,-626,195,232,174,-598,883,752,-2,794,-290,629,564,698,-160,-284,-106,15,831,-331,-897,159,-112,4,643,287,16,968,-445,-229,294,-352,935,-962,463,363,271,-254,733,-628,991,901,889,-278,-92,76,-925,933,756,-937,-67,-413,467,-296,414,-584,0,-53,797,-660,385,-555,703,896,560,865,-267,-748,-167,568,-864,-37,702,-1000,-323,-501,950,351,-580,-872,-109,227,761,-492,-962,27,-562,-35,980,47,-676,-677,-91,119,293,564,217,585,-957,-687,-159,987,-550,-799,785,-894,-436,58,-974,-329,-27,-258,497,233,-467,-374,544,368,721,411,-60,-537,943,785,-839,-980,-449,486,13,365,545,-891,307,-488,218,120,-542,-45,873,464,-538,-713,204,680,786,-53,582,846,-31,335,749,849,-411,620,618,-622,603,-336,323,496,284,-258,-735]
