|17/12/2019 20:12:03|: INFO : [DATA STARTU |17/12/2019 20:12:03|]
|17/12/2019 20:12:03|: INFO : [DATA ZAKONCZENA |18/12/2019 01:35:00|]
|17/12/2019 20:12:03|: INFO : [MUTATIONPROBABILITY : |0.47|]
|17/12/2019 20:12:03|: INFO : [MUTATIONRETRIALS : |80|]
|17/12/2019 20:12:03|: INFO : [Nr Problemu 0 Rozmiar tablicy : 500 ]
|17/12/2019 20:12:08|: INFO : [Początkowy najlepszy osobnik Zarobil :5066.7072 oraz na testowych danych : 0]
|17/12/2019 20:12:16|: INFO : [Populacja 0 Nowy osobnik Zarobil :15000.39 oraz na testowych danych : 0]
|17/12/2019 20:42:31|: INFO : [Populacja 33 Nowy osobnik Zarobil :16264.8 oraz na testowych danych : 0]
|17/12/2019 20:50:58|: INFO : [Populacja 38 Nowy osobnik Zarobil :16280.676 oraz na testowych danych : 0]
|18/12/2019 01:56:11|: INFO : [Koniec ewolucji z powodu limitu czasu : 18/12/2019 01:35:00]
|18/12/2019 01:56:11|: INFO : [Czas pracy w minutach : 322.935982445]
|18/12/2019 01:56:11|: INFO : [Najlepszy osobnik z populacji 38 Zarobil :16280.676 oraz na testowych danych : 0]
|18/12/2019 01:56:11|: INFO : [Fenotyp : [Volume, 3.1953125],[Opening, -5.41044776119403],[Min, -1.06430446194226],[Max, -1.02835051546392],[Closing, 0.419906687402799],[MACDEMA1, 206],[MACDEMA2, 0],[MACDEMASignal, 9],[RSI, 14],[BollingerPeriods, 711],[BollingerDeviation, 559]]
|18/12/2019 01:56:11|: INFO : [Genotyp : -49,-484,965,843,175,301,-641,36,702,-688,113,409,128,-725,134,-811,762,399,-388,270,643,559,1,-864,27,802,1,-810,-848,-139,206,-401,9,14,711,-630,150,359,-836,618,280,533,786,-818,835,358,442,-276,-591,-682,978,-211,258,494,-161,282,-208,545,-208,573,68,-74,373,-593,-52,924,773,775,377,-237,38,591,-974,960,219,-984,881,540,228,712,544,508,695,834,-117,62,-792,-199,-486,-601,-986,-793,-298,-72,620,-367,319,-277,895,-630,-105,504,762,-378,417,-66,801,-171,-219,800,127,-60,-652,31,344,-960,-515,60,801,536,-116,-177,-98,732,691,-754,396,-666,504,-761,-230,258,-669,0,343,-92,383,-295,-278,218,-540,-336,-37,551,160,750,-132,886,584,854,-159,-555,-78,-642,743,478,-398,-970,629,-837,-620,-47,685,16,29,-736,932,-663,688,739,-23,780,-663,-417,256,905,51,411,-541,941,698,114,849,434,397,-676,18,972,-289,-482,-449,871,774,-441,-162,0,-150,-203,-279,649,818,522,982,-415,442,579,-892,-992,394,-268,-36,-647,-183,327,-859,265,-658,-620,973,-638,40,110,-179,169,255,-734,828,260,744,391,370,62,99,55,-814,853,931,-649,991,344,-927,996,-130,350,554,-708,-700,-215,-958,567,-804,-531,-971,-980,870,928,-20,-685,329,-861,55,-75,580,113,700,902,20,-228,-134,923,-868,900,-546,-1,466,536,88,-429,614,-37,966,220,-957,-829,279,-100,-644,261,184,-737,-856,-681,22,-185,280,885,401,-975,-237,652,271,784,918,-671,440,-159,521,-160,528,-667,-231,138,198,-635,209,834,336,-578,245,-6,440,-394,331,-398,779,312,-540,-3,54,-398,-25,63,-146,-141,380,-818,-341,299,-269,-67,-181,-984,254,-150,-836,-441,502,-161,606,445,-451,-21,-221,362,312,-335,-548,547,79,-746,-890,-492,-300,755,236,-454,-569,-376,-327,-131,-468,199,545,-897,-285,668,429,256,108,-226,-247,656,774,-212,-948,-718,-717,-148,179,607,959,986,57,104,-900,-690,179,958,514,787,-298,885,982,951,153,-957,288,576,187,346,-56,402,-794,-593,668,384,100,34,-185,42,-569,-929,-132,646,-937,-454,-858,-414,-3,864,-551,762,503,-547,342,-702,814,243,-574,888,-297,815,665,-73,-918,757,805,100,936,-456,322,-757,84,218,-636,-991,909,-665,280,-633,760,-82,0,322,-591,181,-858,-115,-519,504,-845,-743,-349,-560,174,606,-595,-61,564,540,-234,390,-584,-250,-903,692,742,-781,-874,-317,-532,994,-858,438,495,166,531,-703,853,-99]
